4709846279077387655
5477948387001674504
-6034045097709226459
-4523992363560036386
786945400533120985
-7705672124907972196
3448803011189575296
-8128856465357046910
-6486810910547218589
-8685308236173964118
-6185426293070957725
-2642642770771995909
-8331188862754333050
-1512835160745415799
-3168605144109147126
2220561564340184055
6548053946002019263
-8397679149246335732
-2249609585300098380
-2388260239899792857
5720120489493318511
-2599820237764304914
-6659733986570463191
-1980533667709704377
-2649561552465666119
729174950226965839
825096308453300764
9150710980283059378
4833268105160485234
-43561158482649157
-7671763755106506303
3412325361870711144
-1701935067450818227
4572344342709193489
8066587928982720439
3416588525160778015
6869952704259594212
1339184175817367827
1483052615069752601
8770942625325004529
413623474921983500
-3806446321149091730
7770622787895515052
-6398236813039029418
7893861959603825960
-1994068181789419947
-3762713184464554280
-5223240221042951485
9058840217724607265
-8440242041883447782
