-6036928668424892942
-8644368307937970755
2148260408812004036
-7834854488619497860
-4337109901773717635
7081169537286089757
4972642007061531646
-8931779819913795655
-8903379812669323786
-6365325106938485765
-8889259353439055654
-713949927857553385
-6175798158430209059
-116046417810180754
-5014774771114867597
-1270747733416395137
8431302556668179956
-4454436999542038712
4756993438862765549
7630432180223102836
1540572051232279778
-7926758060552181984
-5209936543840471551
6974555043347401844
7653589409298381123
3887188196912006767
2225999457457199828
2287324074239058937
-8273173118770433358
3342752203350620553
-2559786832441832102
-6877788029200245562
-3503803564200770092
-2874051151658547889
2679340994793275818
-6121873667113834590
2222719000957694324
-5649825644804185930
-1841247737021749614
-7620543146320965574
-7427004861265616625
-6174196840660482498
-6683648598732814867
5110220893936302758
853482598530831105
4209258053997392107
-6039893642999173724
8361560933456756336
-1328887008027972303
-4726437882973614029
