-9196829574507851511
-9057729382064233103
-8931779819913795655
-8923988165019673829
-8903379812669323786
-8889259353439055654
-8685308236173964118
-8644368307937970755
-8440242041883447782
-8397679149246335732
-8331188862754333050
-8273173118770433358
-8128856465357046910
-7926758060552181984
-7901838964760946079
-7897966070063678192
-7834854488619497860
-7705672124907972196
-7671763755106506303
-7620543146320965574
-7445736929764600755
-7440602651942002780
-7427004861265616625
-7276847544725803666
-7068309785984030093
-6892342376218010140
-6877788029200245562
-6860404425658278260
-6824674089531578284
-6683648598732814867
-6659733986570463191
-6486810910547218589
-6398236813039029418
-6365325106938485765
-6342745303534536855
-6185426293070957725
-6175798158430209059
-6174196840660482498
-6166391786758649261
-6121873667113834590
-6039893642999173724
-6036928668424892942
-6034045097709226459
-5946696101573497423
-5906369554324289093
-5747635901131759596
-5745811476709917120
-5649825644804185930
-5609164781246321509
-5564966065980129261
-5377510349013694643
-5302115482477053065
-5223240221042951485
-5219400242073648556
-5209936543840471551
-5077300731335460245
-5014774771114867597
-4759076379260409612
-4726437882973614029
-4609617648314632982
-4554198001461372596
-4523992363560036386
-4454436999542038712
-4337109901773717635
-4139589792468706634
-4087539278869089627
-4070092933175538502
-4048075176218254755
-4008763202748494261
-3806446321149091730
-3762713184464554280
-3750794017522638449
-3699742829816830332
-3503803564200770092
-3343120105487636534
-3257846085877750981
-3168605144109147126
-3078655684468158075
-2904703119014970335
-2874051151658547889
-2685233259557335313
-2649561552465666119
-2642642770771995909
-2599820237764304914
-2559786832441832102
-2458591275457188926
-2388260239899792857
-2376724416605393518
-2249609585300098380
-2058770259479906003
-1994068181789419947
-1980533667709704377
-1841247737021749614
-1701935067450818227
-1545374984272077812
-1512835160745415799
-1504113256445401831
-1491108298918688329
-1328887008027972303
-1289506778599929880
-1270747733416395137
-992781660344579861
-787263346562199228
-732397062409606731
-717879194194678875
-713949927857553385
-676340927639613933
-676311549662037093
-635090333973860407
-257821071311788404
-116046417810180754
-43561158482649157
0
175241927
9250925021
9250925022
9250925023
88258680997684
1791953287775856
2542263918091644
4961486274658274
43824411144167241
131181604781621033
151129546762488813
165937644464139285
172526489656479496
191708316948296887
193268922409138413
210178771163059854
210222205538287941
240570466207361140
259285062150193925
265188032315482543
275069136473499356
295004708674928620
303293631146191499
305097547934037087
311757519596920712
321301269468772842
329371397004974791
341720040458009850
352421150441762375
353046247403746166
355794896508069828
382834808922020973
399038344897118472
413623474921983500
454329654435921341
455809787364648433
456872421651267556
474972711420151264
477709041544470036
490191905181765602
517435659665530349
518373038118897999
524765687272811140
531904530157530717
560253536533490025
598944242493432933
606036222036323922
609002488249261737
610197561887920389
631505467144565654
645288879775981803
674793948397828302
678357690116826228
683393288303289574
718484881177075787
718620613069169780
729174950226965839
731071747951602814
771625276674734572
772824419322892166
786945400533120985
789037568865122613
808927566010152735
825096308453300764
834404035707939726
840347600890516125
853482598530831105
868585285296501216
877446501795770487
906131803024860015
907725756815478652
933242805444475042
955300288777554635
964182934406351739
973342235684333809
974224689370833955
978618055157921373
991834575015853282
1008162432338173357
1019811783868325126
1041262761124718853
1042739674829419949
1049651473880553728
1055265936551788753
1070533507192644936
1092622543747954945
1095792445237252447
1107252951673941351
1114155931311780910
1122177812705059451
1129021024033643500
1146110989004219566
1181589440381047823
1215507224669582323
1254249001754846091
1263772289331614674
1269135871459259807
1300127302456494915
1301566765926976221
1339184175817367827
1356855089750109821
1397810286474485893
1398276688289539661
1412803301006808201
1414160894548832567
1466881394010603835
1471249987634951243
1476141015477975105
1479445109439188692
1483052615069752601
1491072379153964572
1499526452598620510
1511354531907455734
1525782368285415234
1540572051232279778
1543853718576149106
1604210190902752838
1639475143667068568
1660643643446054446
1708264680612289308
1727931131121660012
1729059879816749726
1749268681515480478
1749657765725500405
1823345682011475519
1851773901847105718
1857956177987958735
1866774883132621922
1953769654301762767
1964632187468245719
1969545520733464711
1998588852542826204
2053260132085890495
2124598257841188765
2124918300194738908
2124961165875656618
2148260408812004036
2175063975135831683
2220561564340184055
2222719000957694324
2225999457457199828
2226595380689509687
2258900883425437875
2280165266562266144
2281169166191890469
2287324074239058937
2301252557879371235
2356796041014258760
2356867603357021584
2372982257168396487
2386719861823985732
2437947216252747667
2442872026681412887
2485879104322604222
2530792910924075011
2637725174860868377
2657923479746580721
2660500731455255967
2679340994793275818
2751824255104428778
2751913792745346516
2752179294295495270
2791702878306470301
2832116997070753557
2844158041819629167
2882389432681038875
2895538220561058244
2899146021165779889
2936154240697027711
2986945289331223446
3018428526941320506
3039518609387779408
3045389915954036528
3075559682470158427
3086584034343031185
3137578043986793904
3255828316009107005
3264757190407261557
3283389423480838719
3302650432450662658
3326907155639990566
3342752203350620553
3349065043608012733
3370312020637483964
3390197473398257765
3412325361870711144
3416588525160778015
3448803011189575296
3464039109638298261
3485955415482382962
3498413081582952922
3514950241826136275
3519678507793106129
3526562424318806578
3527798735013321863
3579003843842699719
3645261687928073212
3653904548311231936
3664389076733166499
3668680873031839106
3684829184111265644
3704890363280647773
3739623276655940108
3806353330022179691
3827767684727236101
3842885181253920113
3860622833081775195
3887188196912006767
3914408982629241231
3949502373917786899
3951544768773655923
3985294434690785760
4000193249594195613
4018321687069031862
4052955999295241779
4066252240450644792
4096261757154431936
4105628388144233595
4151222756187089138
4209258053997392107
4231863396167195238
4232981636027411413
4237793222455678879
4291861263397516366
4294357454969788628
4299238530671455609
4317123418097962017
4331213123751476590
4346158641238202081
4358608458978859258
4444466064260997790
4507032754122982316
4507748394676701035
4521928110830873657
4522466153279733977
4544063357793098919
4560917413428689766
4572344342709193489
4580825535398282464
4596979853245926030
4611050599838934599
4614840509211411960
4647440631030956165
4656101826952534930
4660341051124300156
4669580447433488797
4673435956680327621
4687070850213182793
4702594847158195274
4709846279077387655
4727702587301066828
4756993438862765549
4799685579646935504
4822858595341910878
4824548684610034949
4833268105160485234
4868941897504979344
4884047844540277294
4886165308664483150
4896205658585605279
4921525382726004236
4922055390611561089
4922540793424577371
4944740687146276596
4972642007061531646
4998383267747964528
5020120221537533553
5039019184683776502
5050087544487163972
5057248746604138567
5059307618337066103
5070049516395972099
5110220893936302758
5121110159146734996
5124059852269510846
5154911205796706596
5157139834869201376
5230278551367589115
5257259784956326924
5315187224154704174
5328627630737351987
5364918972552602490
5367635443123486782
5376172952574385030
5412648431521373180
5475646691441159580
5477948387001674504
5497313748050223908
5583609289409214172
5632363832495154027
5653100782439414240
5657035247406533734
5680548171710554899
5694119010394762622
5698918683450741742
5720120489493318511
5742875085007063568
5747373386543945717
5765649008666318481
5784120918115745793
5810324873762534832
5812782417519323092
5876708504126753079
5890427938127663096
5918577377114013031
5918821366148864669
5987363842123421214
5992636460932618641
5994560394080054175
6057862067388367402
6076246356924250547
6090130936678989559
6144703504425367430
6201770024354156816
6307445634022882001
6308184618924696280
6311427428069810662
6337962774376585068
6344396672439742185
6384243503197715333
6456986273194760473
6462402248114406222
6464144593514116237
6473546730007677472
6485373009556738969
6507978838546986420
6509551551345308369
6517088257007916854
6534893152508777693
6548053946002019263
6558799685501799014
6571974767622493874
6576488391531277046
6592496841427801294
6603776235070233470
6605166402602751384
6656051712121163559
6660016068771281417
6668439795317283911
6709082765243914401
6718623573204494842
6774815857954687669
6778599670585140992
6816544898911003090
6839009770613632361
6869952704259594212
6896580252279229396
6921933199040503861
6927644651651742786
6937494537316758684
6974555043347401844
6983949058651868829
7001496465089334120
7038575343802996198
7038881782712658930
7047050336935326643
7047647275749232958
7055448871996085500
7056187859636035158
7071017242208773959
7072224719591095197
7081169537286089757
7094054745271541432
7116131343776739616
7134571271310495000
7136607114328266107
7139167438941505804
7173889940303280324
7178231470929991815
7188171469372840774
7198510641400780180
7240270641543801242
7247030269064028522
7255935706823025641
7309249373644489667
7315909048585334234
7325568707115850148
7380178837809322426
7524655099681191593
7573936164649565827
7583083738567727547
7613896652307963368
7627089274519688102
7630432180223102836
7635641161264263387
7637435827476228325
7653589409298381123
7685010608932564085
7708351470615531657
7726810251259769704
7742524024597294797
7765312116489695167
7770622787895515052
7777902598101495238
7789451183564234805
7849785314669668824
7893861959603825960
7921205758802943148
7963443303659431509
7964468539719493079
7982717047505249434
8022506598162361906
8027038329331529430
8036751213790453938
8066587928982720439
8080561444141456200
8083107424683092545
8106619916224083192
8122596986458870350
8145541502829115756
8152897859437654206
8192587515441638812
8228560658254953397
8236737711743940382
8266044087066276617
8279720869557306922
8289979516787564821
8290640892018664272
8302947660766889780
8324306833780710560
8329738442098073301
8361560933456756336
8381509277124376440
8385320644245292346
8399170147345048484
8431302556668179956
8460307176409919592
8461267694347243726
8476619641367786031
8506795910217652047
8565060259064330141
8614695755351619196
8661200687055234550
8664108531280451088
8715435658639670262
8770942625325004529
8771925645017969912
8781624075513805423
8851789986585421424
8864186236560789154
8870384169782881345
8882050388627180691
8966421319180261332
8997885122446394788
9009977001820619764
9028791814031757707
9029811165932993727
9056625298072850318
9058594047427047820
9058840217724607265
9061138025197773012
9070069502634770448
9089593656087364926
9125279377279576431
9150710980283059378
9151808563317428208
9158510558145178212
9189254765687948114
9198288749621614580
9198371486421143629
